   0.0000000000000000             5000
   1.0000000000000000E-002   4965.0000000000000     
   2.0000000000000000E-002   4930.2449999999999     
   2.9999999999999999E-002   4895.7332850000003     
   4.0000000000000001E-002   4861.4631520050007     
   5.0000000000000003E-002   4827.4329099409661     
   5.9999999999999998E-002   4793.6408795713796     
   7.0000000000000007E-002   4760.0853934143797     
   8.0000000000000002E-002   4726.7647956604787     
   8.9999999999999997E-002   4693.6774420908550     
  0.10000000000000001        4660.8216999962187     
  0.11000000000000000        4628.1959480962450     
  0.12000000000000000        4595.7985764595714     
  0.13000000000000000        4563.6279864243543     
  0.14000000000000001        4531.6825905193837     
  0.14999999999999999        4499.9608123857479     
  0.16000000000000000        4468.4610866990479     
  0.17000000000000001        4437.1818590921548     
  0.17999999999999999        4406.1215860785096     
  0.19000000000000000        4375.2787349759601     
  0.20000000000000001        4344.6517838311283     
  0.20999999999999999        4314.2392213443109     
  0.22000000000000000        4284.0395467949011     
  0.23000000000000001        4254.0512699673363     
  0.23999999999999999        4224.2729110775654     
  0.25000000000000000        4194.7030007000221     
  0.26000000000000001        4165.3400796951219     
  0.27000000000000002        4136.1826991372563     
  0.28000000000000003        4107.2294202432959     
  0.28999999999999998        4078.4788143015926     
  0.29999999999999999        4049.9294626014816     
  0.31000000000000000        4021.5799563632713     
  0.32000000000000001        3993.4288966687286     
  0.33000000000000002        3965.4748943920476     
  0.34000000000000002        3937.7165701313033     
  0.35000000000000003        3910.1525541403844     
  0.35999999999999999        3882.7814862614018     
  0.37000000000000000        3855.6020158575720     
  0.38000000000000000        3828.6128017465689     
  0.39000000000000001        3801.8125121343428     
  0.40000000000000002        3775.1998245494024     
  0.41000000000000003        3748.7734257775564     
  0.41999999999999998        3722.5320117971137     
  0.42999999999999999        3696.4742877145341     
  0.44000000000000000        3670.5989677005323     
  0.45000000000000001        3644.9047749266288     
  0.46000000000000002        3619.3904415021425     
  0.47000000000000003        3594.0547084116274     
  0.47999999999999998        3568.8963254527462     
  0.48999999999999999        3543.9140511745768     
  0.50000000000000000        3519.1066528163547     
  0.51000000000000001        3494.4729062466404     
  0.52000000000000002        3470.0115959029140     
  0.53000000000000003        3445.7215147315937     
  0.54000000000000004        3421.6014641284728     
  0.55000000000000004        3397.6502538795735     
  0.56000000000000005        3373.8667021024166     
  0.57000000000000006        3350.2496351876998     
  0.57999999999999996        3326.7978877413861     
  0.58999999999999997        3303.5103025271965     
  0.59999999999999998        3280.3857304095063     
  0.60999999999999999        3257.4230302966398     
  0.62000000000000000        3234.6210690845633     
  0.63000000000000000        3211.9787216009713     
  0.64000000000000001        3189.4948705497645     
  0.65000000000000002        3167.1684064559163     
  0.66000000000000003        3144.9982276107248     
  0.67000000000000004        3122.9832400174496     
  0.68000000000000005        3101.1223573373272     
  0.69000000000000006        3079.4145008359660     
  0.70000000000000007        3057.8585993301144     
  0.70999999999999996        3036.4535891348037     
  0.71999999999999997        3015.1984140108602     
  0.72999999999999998        2994.0920251127841     
  0.73999999999999999        2973.1333809369944     
  0.75000000000000000        2952.3214472704353     
  0.76000000000000001        2931.6551971395425     
  0.77000000000000002        2911.1336107595657     
  0.78000000000000003        2890.7556754842490     
  0.79000000000000004        2870.5203857558590     
  0.80000000000000004        2850.4267430555678     
  0.81000000000000005        2830.4737558541788     
  0.82000000000000006        2810.6604395631994     
  0.83000000000000007        2790.9858164862571     
  0.83999999999999997        2771.4489157708535     
  0.84999999999999998        2752.0487733604577     
  0.85999999999999999        2732.7844319469345     
  0.87000000000000000        2713.6549409233062     
  0.88000000000000000        2694.6593563368428     
  0.89000000000000001        2675.7967408424847     
  0.90000000000000002        2657.0661636565874     
  0.91000000000000003        2638.4667005109914     
  0.92000000000000004        2619.9974336074142     
  0.93000000000000005        2601.6574515721622     
  0.94000000000000006        2583.4458494111573     
  0.95000000000000007        2565.3617284652792     
  0.95999999999999996        2547.4041963660220     
  0.96999999999999997        2529.5723669914601     
  0.97999999999999998        2511.8653604225196     
  0.98999999999999999        2494.2823028995622     
   1.0000000000000000        2476.8223267792650     
   1.0100000000000000        2459.4845704918102     
   1.0200000000000000        2442.2681784983674     
   1.0300000000000000        2425.1723012488787     
   1.0400000000000000        2408.1960951401365     
   1.0500000000000000        2391.3387224741555     
   1.0600000000000001        2374.5993514168363     
   1.0700000000000001        2357.9771559569185     
   1.0800000000000001        2341.4713158652203     
   1.0900000000000001        2325.0810166541637     
   1.1000000000000001        2308.8054495375845     
   1.1100000000000001        2292.6438113908216     
   1.1200000000000001        2276.5953047110856     
   1.1300000000000001        2260.6591375781081     
   1.1400000000000001        2244.8345236150612     
   1.1500000000000001        2229.1206819497556     
   1.1599999999999999        2213.5168371761074     
   1.1699999999999999        2198.0222193158747     
   1.1799999999999999        2182.6360637806638     
   1.1899999999999999        2167.3576113341992     
   1.2000000000000000        2152.1861080548597     
   1.2100000000000000        2137.1208052984757     
   1.2200000000000000        2122.1609596613862     
   1.2300000000000000        2107.3058329437563     
   1.2400000000000000        2092.5546921131499     
   1.2500000000000000        2077.9068092683578     
   1.2600000000000000        2063.3614616034793     
   1.2700000000000000        2048.9179313722548     
   1.2800000000000000        2034.5755058526490     
   1.2900000000000000        2020.3334773116806     
   1.3000000000000000        2006.1911429704987     
   1.3100000000000001        1992.1478049697052     
   1.3200000000000001        1978.2027703349172     
   1.3300000000000001        1964.3553509425728     
   1.3400000000000001        1950.6048634859749     
   1.3500000000000001        1936.9506294415730     
   1.3600000000000001        1923.3919750354821     
   1.3700000000000001        1909.9282312102337     
   1.3800000000000001        1896.5587335917621     
   1.3900000000000001        1883.2828224566199     
   1.4000000000000001        1870.0998426994236     
   1.4099999999999999        1857.0091438005277     
   1.4199999999999999        1844.0100797939240     
   1.4299999999999999        1831.1020092353665     
   1.4399999999999999        1818.2842951707189     
   1.4500000000000000        1805.5563051045240     
   1.4600000000000000        1792.9174109687924     
   1.4700000000000000        1780.3669890920110     
   1.4800000000000000        1767.9044201683669     
   1.4900000000000000        1755.5290892271883     
   1.5000000000000000        1743.2403856025978     
   1.5100000000000000        1731.0377029033796     
   1.5200000000000000        1718.9204389830559     
   1.5300000000000000        1706.8879959101746     
   1.5400000000000000        1694.9397799388034     
   1.5500000000000000        1683.0752014792317     
   1.5600000000000001        1671.2936750688771     
   1.5700000000000001        1659.5946193433949     
   1.5800000000000001        1647.9774570079912     
   1.5900000000000001        1636.4416148089354     
   1.6000000000000001        1624.9865235052728     
   1.6100000000000001        1613.6116178407358     
   1.6200000000000001        1602.3163365158507     
   1.6300000000000001        1591.1001221602398     
   1.6400000000000001        1579.9624213051181     
   1.6500000000000001        1568.9026843559823     
   1.6600000000000001        1557.9203655654903     
   1.6699999999999999        1547.0149230065319     
   1.6799999999999999        1536.1858185454862     
   1.6899999999999999        1525.4325178156678     
   1.7000000000000000        1514.7544901909580     
   1.7100000000000000        1504.1512087596213     
   1.7200000000000000        1493.6221502983039     
   1.7300000000000000        1483.1667952462158     
   1.7400000000000000        1472.7846276794924     
   1.7500000000000000        1462.4751352857359     
   1.7600000000000000        1452.2378093387358     
   1.7700000000000000        1442.0721446733646     
   1.7800000000000000        1431.9776396606510     
   1.7900000000000000        1421.9537961830265     
   1.8000000000000000        1412.0001196097453     
   1.8100000000000001        1402.1161187724772     
   1.8200000000000001        1392.3013059410698     
   1.8300000000000001        1382.5551967994822     
   1.8400000000000001        1372.8773104218858     
   1.8500000000000001        1363.2671692489325     
   1.8600000000000001        1353.7242990641901     
   1.8700000000000001        1344.2482289707407     
   1.8800000000000001        1334.8384913679456     
   1.8900000000000001        1325.4946219283700     
   1.9000000000000001        1316.2161595748714     
   1.9100000000000001        1307.0026464578473     
   1.9199999999999999        1297.8536279326424     
   1.9299999999999999        1288.7686525371139     
   1.9399999999999999        1279.7472719693542     
   1.9500000000000000        1270.7890410655687     
   1.9600000000000000        1261.8935177781098     
   1.9700000000000000        1253.0602631536631     
   1.9800000000000000        1244.2888413115875     
   1.9900000000000000        1235.5788194224065     
   2.0000000000000000        1226.9297676864496     
   2.0100000000000002        1218.3412593126445     
   2.0200000000000000        1209.8128704974561     
   2.0300000000000002        1201.3441804039740     
   2.0400000000000000        1192.9347711411460     
   2.0499999999999998        1184.5842277431580     
   2.0600000000000001        1176.2921381489559     
   2.0699999999999998        1168.0580931819131     
   2.0800000000000001        1159.8816865296396     
   2.0899999999999999        1151.7625147239321     
   2.1000000000000001        1143.7001771208645     
   2.1099999999999999        1135.6942758810185     
   2.1200000000000001        1127.7444159498514     
   2.1299999999999999        1119.8502050382024     
   2.1400000000000001        1112.0112536029349     
   2.1499999999999999        1104.2271748277144     
   2.1600000000000001        1096.4975846039204     
   2.1699999999999999        1088.8221015116928     
   2.1800000000000002        1081.2003468011110     
   2.1899999999999999        1073.6319443735033     
   2.2000000000000002        1066.1165207628887     
   2.2100000000000000        1058.6537051175485     
   2.2200000000000002        1051.2431291817256     
   2.2300000000000000        1043.8844272774536     
   2.2400000000000002        1036.5772362865114     
   2.2500000000000000        1029.3211956325058     
   2.2600000000000002        1022.1159472630783     
   2.2700000000000000        1014.9611356322367     
   2.2800000000000002        1007.8564076828111     
   2.2900000000000000        1000.8014128290314     
   2.3000000000000003        993.79580293922822     
   2.3100000000000001        986.83923231865367     
   2.3199999999999998        979.93135769242315     
   2.3300000000000001        973.07183818857618     
   2.3399999999999999        966.26033532125609     
   2.3500000000000001        959.49651297400726     
   2.3599999999999999        952.78003738318921     
   2.3700000000000001        946.11057712150694     
   2.3799999999999999        939.48780308165635     
   2.3900000000000001        932.91138846008471     
   2.3999999999999999        926.38100874086410     
   2.4100000000000001        919.89634167967802     
   2.4199999999999999        913.45706728792027     
   2.4300000000000002        907.06286781690483     
   2.4399999999999999        900.71342774218647     
   2.4500000000000002        894.40843374799113     
   2.4600000000000000        888.14757471175517     
   2.4700000000000002        881.93054168877291     
   2.4800000000000000        875.75702789695151     
   2.4900000000000002        869.62672870167285     
   2.5000000000000000        863.53934160076119     
   2.5100000000000002        857.49456620955584     
   2.5200000000000000        851.49210424608896     
   2.5300000000000002        845.53165951636629     
   2.5400000000000000        839.61293789975173     
   2.5500000000000003        833.73564733445346     
   2.5600000000000001        827.89949780311224     
   2.5699999999999998        822.10420131849048     
   2.5800000000000001        816.34947190926107     
   2.5899999999999999        810.63502560589620     
   2.6000000000000001        804.96058042665493     
   2.6099999999999999        799.32585636366832     
   2.6200000000000001        793.73057536912268     
   2.6299999999999999        788.17446134153886     
   2.6400000000000001        782.65724011214809     
   2.6499999999999999        777.17863943136308     
   2.6600000000000001        771.73838895534357     
   2.6699999999999999        766.33622023265616     
   2.6800000000000002        760.97186669102757     
   2.6899999999999999        755.64506362419036     
   2.7000000000000002        750.35554817882098     
   2.7100000000000000        745.10305934156918     
   2.7200000000000002        739.88733792617825     
   2.7300000000000000        734.70812656069495     
   2.7400000000000002        729.56516967477012     
   2.7500000000000000        724.45821348704669     
   2.7600000000000002        719.38700599263734     
   2.7700000000000000        714.35129695068883     
   2.7800000000000002        709.35083787203405     
   2.7900000000000000        704.38538200692983     
   2.8000000000000003        699.45468433288136     
   2.8100000000000001        694.55850154255120     
   2.8199999999999998        689.69659203175331     
   2.8300000000000001        684.86871588753104     
   2.8399999999999999        680.07463487631833     
   2.8500000000000001        675.31411243218406     
   2.8599999999999999        670.58691364515880     
   2.8700000000000001        665.89280524964272     
   2.8799999999999999        661.23155561289525     
   2.8900000000000001        656.60293472360502     
   2.8999999999999999        652.00671418053980     
   2.9100000000000001        647.44266718127608     
   2.9199999999999999        642.91056851100711     
   2.9300000000000002        638.41019453143008     
   2.9399999999999999        633.94132316971002     
   2.9500000000000002        629.50373390752202     
   2.9600000000000000        625.09720777016935     
   2.9700000000000002        620.72152731577819     
   2.9800000000000000        616.37647662456777     
   2.9900000000000002        612.06184128819575     
   3.0000000000000000        607.77740839917840     
   3.0100000000000002        603.52296654038412     
   3.0200000000000000        599.29830577460143     
   3.0300000000000002        595.10321763417926     
   3.0400000000000000        590.93749511073997     
   3.0500000000000003        586.80093264496475     
   3.0600000000000001        582.69332611644995     
   3.0700000000000003        578.61447283363475     
   3.0800000000000001        574.56417152379936     
   3.0899999999999999        570.54222232313282     
   3.1000000000000001        566.54842676687088     
   3.1099999999999999        562.58258777950277     
   3.1200000000000001        558.64450966504626     
   3.1299999999999999        554.73399809739090     
   3.1400000000000001        550.85086011070916     
   3.1499999999999999        546.99490408993415     
   3.1600000000000001        543.16593976130457     
   3.1699999999999999        539.36377818297547     
   3.1800000000000002        535.58823173569465     
   3.1899999999999999        531.83911411354484     
   3.2000000000000002        528.11624031475003     
   3.2100000000000000        524.41942663254679     
   3.2200000000000002        520.74849064611897     
   3.2300000000000000        517.10325121159610     
   3.2400000000000002        513.48352845311490     
   3.2500000000000000        509.88914375394307     
   3.2600000000000002        506.31991974766549     
   3.2700000000000000        502.77568030943183     
   3.2800000000000002        499.25625054726584     
   3.2900000000000000        495.76145679343500     
   3.3000000000000003        492.29112659588094     
   3.3100000000000001        488.84508870970978     
   3.3200000000000003        485.42317308874181     
   3.3300000000000001        482.02521087712063     
   3.3399999999999999        478.65103440098079     
   3.3500000000000001        475.30047716017390     
   3.3599999999999999        471.97337382005270     
   3.3700000000000001        468.66956020331236     
   3.3799999999999999        465.38887328188918     
   3.3900000000000001        462.13115116891595     
   3.3999999999999999        458.89623311073353     
   3.4100000000000001        455.68395947895840     
   3.4199999999999999        452.49417176260567     
   3.4300000000000002        449.32671256026742     
   3.4399999999999999        446.18142557234557     
   3.4500000000000002        443.05815559333917     
   3.4600000000000000        439.95674850418578     
   3.4700000000000002        436.87705126465647     
   3.4800000000000000        433.81891190580387     
   3.4900000000000002        430.78217952246325     
   3.5000000000000000        427.76670426580603     
   3.5100000000000002        424.77233733594539     
   3.5200000000000000        421.79893097459376     
   3.5300000000000002        418.84633845777159     
   3.5400000000000000        415.91441408856718     
   3.5500000000000003        413.00301318994724     
   3.5600000000000001        410.11199209761759     
   3.5700000000000003        407.24120815293429     
   3.5800000000000001        404.39051969586376     
   3.5899999999999999        401.55978605799271     
   3.6000000000000001        398.74886755558674     
   3.6099999999999999        395.95762548269761     
   3.6200000000000001        393.18592210431871     
   3.6299999999999999        390.43362064958848     
   3.6400000000000001        387.70058530504139     
   3.6499999999999999        384.98668120790609     
   3.6600000000000001        382.29177443945076     
   3.6699999999999999        379.61573201837462     
   3.6800000000000002        376.95842189424599     
   3.6899999999999999        374.31971294098628     
   3.7000000000000002        371.69947495039935     
   3.7100000000000000        369.09757862574656     
   3.7200000000000002        366.51389557536635     
   3.7300000000000000        363.94829830633876     
   3.7400000000000002        361.40066021819439     
   3.7500000000000000        358.87085559666701     
   3.7600000000000002        356.35875960749036     
   3.7700000000000000        353.86424829023792     
   3.7800000000000002        351.38719855220626     
   3.7900000000000000        348.92748816234081     
   3.8000000000000003        346.48499574520440     
   3.8100000000000001        344.05960077498798     
   3.8200000000000003        341.65118356956305     
   3.8300000000000001        339.25962528457609     
   3.8399999999999999        336.88480790758405     
   3.8500000000000001        334.52661425223096     
   3.8599999999999999        332.18492795246533     
   3.8700000000000001        329.85963345679806     
   3.8799999999999999        327.55061602260048     
   3.8900000000000001        325.25776171044225     
   3.8999999999999999        322.98095737846916     
   3.9100000000000001        320.72009067681989     
   3.9199999999999999        318.47505004208216     
   3.9300000000000002        316.24572469178759     
   3.9399999999999999        314.03200461894505     
   3.9500000000000002        311.83378058661242     
   3.9600000000000000        309.65094412250613     
   3.9700000000000002        307.48338751364861     
   3.9800000000000000        305.33100380105304     
   3.9900000000000002        303.19368677444567     
   4.0000000000000000        301.07133096702455     
   4.0099999999999998        298.96383165025537     
   4.0200000000000005        296.87108482870360     
   4.0300000000000002        294.79298723490268     
   4.0400000000000000        292.72943632425836     
   4.0499999999999998        290.68033026998853     
   4.0600000000000005        288.64556795809864     
   4.0700000000000003        286.62504898239195     
   4.0800000000000001        284.61867363951518     
   4.0899999999999999        282.62634292403857     
   4.0999999999999996        280.64795852357031     
   4.1100000000000003        278.68342281390534     
   4.1200000000000001        276.73263885420801     
   4.1299999999999999        274.79551038222854     
   4.1399999999999997        272.87194180955294     
   4.1500000000000004        270.96183821688606     
   4.1600000000000001        269.06510534936785     
   4.1699999999999999        267.18164961192230     
   4.1799999999999997        265.31137806463886     
   4.1900000000000004        263.45419841818637     
   4.2000000000000002        261.61001902925904     
   4.2100000000000000        259.77874889605420     
   4.2199999999999998        257.96029765378182     
   4.2300000000000004        256.15457557020534     
   4.2400000000000002        254.36149354121389     
   4.2500000000000000        252.58096308642538     
   4.2599999999999998        250.81289634482042     
   4.2700000000000005        249.05720607040666     
   4.2800000000000002        247.31380562791381     
   4.2900000000000000        245.58260898851842     
   4.2999999999999998        243.86353072559879     
   4.3100000000000005        242.15648601051961     
   4.3200000000000003        240.46139060844598     
   4.3300000000000001        238.77816087418685     
   4.3399999999999999        237.10671374806753     
   4.3500000000000005        235.44696675183107     
   4.3600000000000003        233.79883798456825     
   4.3700000000000001        232.16224611867628     
   4.3799999999999999        230.53711039584556     
   4.3899999999999997        228.92335062307464     
   4.4000000000000004        227.32088716871311     
   4.4100000000000001        225.72964095853212     
   4.4199999999999999        224.14953347182239     
   4.4299999999999997        222.58048673751964     
   4.4400000000000004        221.02242333035699     
   4.4500000000000002        219.47526636704450     
   4.4600000000000000        217.93893950247519     
   4.4699999999999998        216.41336692595786     
   4.4800000000000004        214.89847335747615     
   4.4900000000000002        213.39418404397381     
   4.5000000000000000        211.90042475566599     
   4.5099999999999998        210.41712178237634     
   4.5200000000000005        208.94420192989972     
   4.5300000000000002        207.48159251639044     
   4.5400000000000000        206.02922136877569     
   4.5499999999999998        204.58701681919428     
   4.5600000000000005        203.15490770145990     
   4.5700000000000003        201.73282334754970     
   4.5800000000000001        200.32069358411684     
   4.5899999999999999        198.91844872902803     
   4.6000000000000005        197.52601958792482     
   4.6100000000000003        196.14333745080936     
   4.6200000000000001        194.77033408865370     
   4.6299999999999999        193.40694175003313     
   4.6399999999999997        192.05309315778288     
   4.6500000000000004        190.70872150567840     
   4.6600000000000001        189.37376045513864     
   4.6699999999999999        188.04814413195265     
   4.6799999999999997        186.73180712302897     
   4.6900000000000004        185.42468447316776     
   4.7000000000000002        184.12671168185560     
   4.7100000000000000        182.83782470008262     
   4.7199999999999998        181.55795992718205     
   4.7300000000000004        180.28705420769177     
   4.7400000000000002        179.02504482823792     
   4.7500000000000000        177.77186951444025     
   4.7599999999999998        176.52746642783919     
   4.7700000000000005        175.29177416284432     
   4.7800000000000002        174.06473174370441     
   4.7900000000000000        172.84627862149847     
   4.7999999999999998        171.63635467114798     
   4.8100000000000005        170.43490018844994     
   4.8200000000000003        169.24185588713078     
   4.8300000000000001        168.05716289592087     
   4.8399999999999999        166.88076275564941     
   4.8500000000000005        165.71259741635987     
   4.8600000000000003        164.55260923444536     
   4.8700000000000001        163.40074096980425     
   4.8799999999999999        162.25693578301562     
   4.8899999999999997        161.12113723253452     
   4.9000000000000004        159.99328927190678     
   4.9100000000000001        158.87333624700344     
   4.9199999999999999        157.76122289327441     
   4.9299999999999997        156.65689433302148     
   4.9400000000000004        155.56029607269033     
   4.9500000000000002        154.47137400018150     
   4.9600000000000000        153.39007438218022     
   4.9699999999999998        152.31634386150495     
   4.9800000000000004        151.25012945447440     
   4.9900000000000002        150.19137854829307     
   5.0000000000000000        149.14003889845503     
   5.0099999999999998        148.09605862616584     
   5.0200000000000005        147.05938621578269     
   5.0300000000000002        146.02997051227223     
   5.0400000000000000        145.00776071868631     
   5.0499999999999998        143.99270639365551     
   5.0600000000000005        142.98475744889993     
   5.0700000000000003        141.98386414675764     
   5.0800000000000001        140.98997709773033     
   5.0899999999999999        140.00304725804622     
   5.1000000000000005        139.02302592723990     
   5.1100000000000003        138.04986474574923     
   5.1200000000000001        137.08351569252898     
   5.1299999999999999        136.12393108268128     
   5.1399999999999997        135.17106356510251     
   5.1500000000000004        134.22486612014680     
   5.1600000000000001        133.28529205730578     
   5.1699999999999999        132.35229501290465     
   5.1799999999999997        131.42582894781432     
   5.1900000000000004        130.50584814517961     
   5.2000000000000002        129.59230720816336     
   5.2100000000000000        128.68516105770621     
   5.2199999999999998        127.78436493030226     
   5.2300000000000004        126.88987437579014     
   5.2400000000000002        126.00164525515962     
   5.2500000000000000        125.11963373837349     
   5.2599999999999998        124.24379630220488     
   5.2700000000000005        123.37408972808944     
   5.2800000000000002        122.51047109999281     
   5.2900000000000000        121.65289780229287     
   5.2999999999999998        120.80132751767682     
   5.3100000000000005        119.95571822505309     
   5.3200000000000003        119.11602819747772     
   5.3300000000000001        118.28221600009537     
   5.3399999999999999        117.45424048809471     
   5.3500000000000005        116.63206080467805     
   5.3600000000000003        115.81563637904530     
   5.3700000000000001        115.00492692439198     
   5.3799999999999999        114.19989243592124     
   5.3899999999999997        113.40049318886979     
   5.4000000000000004        112.60668973654769     
   5.4100000000000001        111.81844290839186     
   5.4199999999999999        111.03571380803312     
   5.4299999999999997        110.25846381137688     
   5.4400000000000004        109.48665456469725     
   5.4500000000000002        108.72024798274437     
   5.4600000000000000        107.95920624686516     
   5.4699999999999998        107.20349180313711     
   5.4800000000000004        106.45306736051515     
   5.4900000000000002        105.70789588899154     
   5.5000000000000000        104.96794061776860     
   5.5099999999999998        104.23316503344422     
   5.5200000000000005        103.50353287821011     
   5.5300000000000002        102.77900814806264     
   5.5400000000000000        102.05955509102621     
   5.5499999999999998        101.34513820538903     
   5.5600000000000005        100.63572223795131     
   5.5700000000000003        99.931272182285653     
   5.5800000000000001        99.231753277009659     
   5.5899999999999999        98.537131004070588     
   5.6000000000000005        97.847371087042092     
   5.6100000000000003        97.162439489432799     
   5.6200000000000001        96.482302413006764     
   5.6299999999999999        95.806926296115719     
   5.6399999999999997        95.136277812042906     
   5.6500000000000004        94.470323867358601     
   5.6600000000000001        93.809031600287085     
   5.6699999999999999        93.152368379085075     
   5.6799999999999997        92.500301800431487     
   5.6900000000000004        91.852799687828465     
   5.7000000000000002        91.209830090013668     
   5.7100000000000000        90.571361279383567     
   5.7199999999999998        89.937361750427883     
   5.7300000000000004        89.307800218174890     
   5.7400000000000002        88.682645616647662     
   5.7500000000000000        88.061867097331131     
   5.7599999999999998        87.445434027649810     
   5.7700000000000005        86.833315989456267     
   5.7800000000000002        86.225482777530075     
   5.7900000000000000        85.621904398087366     
   5.7999999999999998        85.022551067300753     
   5.8100000000000005        84.427393209829646     
   5.8200000000000003        83.836401457360836     
   5.8300000000000001        83.249546647159306     
   5.8399999999999999        82.666799820629194     
   5.8500000000000005        82.088132221884791     
   5.8600000000000003        81.513515296331605     
   5.8700000000000001        80.942920689257278     
   5.8799999999999999        80.376320244432478     
   5.8899999999999997        79.813686002721454     
   5.9000000000000004        79.254990200702409     
   5.9100000000000001        78.700205269297498     
   5.9199999999999999        78.149303832412414     
   5.9299999999999997        77.602258705585527     
   5.9400000000000004        77.059042894646424     
   5.9500000000000002        76.519629594383900     
   5.9600000000000000        75.983992187223208     
   5.9699999999999998        75.452104241912650     
   5.9800000000000004        74.923939512219263     
   5.9900000000000002        74.399471935633727     
   6.0000000000000000        73.878675632084295     
   6.0099999999999998        73.361524902659710     
   6.0200000000000005        72.847994228341094     
   6.0300000000000002        72.338058268742699     
   6.0400000000000000        71.831691860861497     
   6.0499999999999998        71.328870017835470     
   6.0600000000000005        70.829567927710627     
   6.0700000000000003        70.333760952216650     
   6.0800000000000001        69.841424625551127     
   6.0899999999999999        69.352534653172270     
   6.1000000000000005        68.867066910600059     
   6.1100000000000003        68.384997442225853     
   6.1200000000000001        67.906302460130277     
   6.1299999999999999        67.430958342909364     
   6.1400000000000006        66.958941634509003     
   6.1500000000000004        66.490229043067444     
   6.1600000000000001        66.024797439765976     
   6.1699999999999999        65.562623857687612     
   6.1799999999999997        65.103685490683802     
   6.1900000000000004        64.647959692249017     
   6.2000000000000002        64.195423974403269     
   6.2100000000000000        63.746056006582450     
   6.2199999999999998        63.299833614536375     
   6.2300000000000004        62.856734779234621     
   6.2400000000000002        62.416737635779981     
   6.2500000000000000        61.979820472329521     
   6.2599999999999998        61.545961729023212     
   6.2700000000000005        61.115139996920050     
   6.2800000000000002        60.687334016941612     
   6.2900000000000000        60.262522678823018     
   6.2999999999999998        59.840685020071255     
   6.3100000000000005        59.421800224930756     
   6.3200000000000003        59.005847623356239     
   6.3300000000000001        58.592806689992749     
   6.3399999999999999        58.182657043162799     
   6.3500000000000005        57.775378443860660     
   6.3600000000000003        57.370950794753632     
   6.3700000000000001        56.969354139190358     
   6.3799999999999999        56.570568660216026     
   6.3900000000000006        56.174574679594514     
   6.4000000000000004        55.781352656837349     
   6.4100000000000001        55.390883188239485     
   6.4199999999999999        55.003147005921811     
   6.4299999999999997        54.618124976880360     
   6.4400000000000004        54.235798102042196     
   6.4500000000000002        53.856147515327898     
   6.4600000000000000        53.479154482720602     
   6.4699999999999998        53.104800401341556     
   6.4800000000000004        52.733066798532164     
   6.4900000000000002        52.363935330942439     
   6.5000000000000000        51.997387783625840     
   6.5099999999999998        51.633406069140456     
   6.5200000000000005        51.271972226656473     
   6.5300000000000002        50.913068421069880     
   6.5400000000000000        50.556676942122394     
   6.5499999999999998        50.202780203527539     
   6.5600000000000005        49.851360742102848     
   6.5700000000000003        49.502401216908126     
   6.5800000000000001        49.155884408389767     
   6.5899999999999999        48.811793217531040     
   6.6000000000000005        48.470110665008320     
   6.6100000000000003        48.130819890353266     
   6.6200000000000001        47.793904151120792     
   6.6299999999999999        47.459346822062948     
   6.6400000000000006        47.127131394308506     
   6.6500000000000004        46.797241474548343     
   6.6600000000000001        46.469660784226505     
   6.6699999999999999        46.144373158736919     
   6.6799999999999997        45.821362546625757     
   6.6900000000000004        45.500613008799377     
   6.7000000000000002        45.182108717737783     
   6.7100000000000000        44.865833956713622     
   6.7199999999999998        44.551773119016630     
   6.7300000000000004        44.239910707183512     
   6.7400000000000002        43.930231332233227     
   6.7500000000000000        43.622719712907596     
   6.7599999999999998        43.317360674917246     
   6.7700000000000005        43.014139150192825     
   6.7800000000000002        42.713040176141476     
   6.7900000000000000        42.414048894908483     
   6.7999999999999998        42.117150552644127     
   6.8100000000000005        41.822330498775621     
   6.8200000000000003        41.529574185284190     
   6.8300000000000001        41.238867165987202     
   6.8399999999999999        40.950195095825293     
   6.8500000000000005        40.663543730154515     
   6.8600000000000003        40.378898924043433     
   6.8700000000000001        40.096246631575127     
   6.8799999999999999        39.815572905154099     
   6.8900000000000006        39.536863894818019     
   6.9000000000000004        39.260105847554293     
   6.9100000000000001        38.985285106621411     
   6.9199999999999999        38.712388110875061     
   6.9299999999999997        38.441401394098932     
   6.9400000000000004        38.172311584340243     
   6.9500000000000002        37.905105403249863     
   6.9600000000000000        37.639769665427110     
   6.9699999999999998        37.376291277769120     
   6.9800000000000004        37.114657238824734     
   6.9900000000000002        36.854854638152958     
   7.0000000000000000        36.596870655685890     
   7.0099999999999998        36.340692561096091     
   7.0200000000000005        36.086307713168416     
   7.0300000000000002        35.833703559176236     
   7.0400000000000000        35.582867634262001     
   7.0499999999999998        35.333787560822167     
   7.0600000000000005        35.086451047896411     
   7.0700000000000003        34.840845890561134     
   7.0800000000000001        34.596959969327209     
   7.0899999999999999        34.354781249541915     
   7.1000000000000005        34.114297780795120     
   7.1100000000000003        33.875497696329553     
   7.1200000000000001        33.638369212455245     
   7.1299999999999999        33.402900627968059     
   7.1400000000000006        33.169080323572281     
   7.1500000000000004        32.936896761307274     
   7.1600000000000001        32.706338483978122     
   7.1699999999999999        32.477394114590275     
   7.1799999999999997        32.250052355788142     
   7.1900000000000004        32.024301989297626     
   7.2000000000000002        31.800131875372543     
   7.2100000000000000        31.577530952244935     
   7.2199999999999998        31.356488235579221     
   7.2300000000000004        31.136992817930167     
   7.2400000000000002        30.919033868204657     
   7.2500000000000000        30.702600631127225     
   7.2599999999999998        30.487682426709334     
   7.2700000000000005        30.274268649722369     
   7.2800000000000002        30.062348769174314     
   7.2900000000000000        29.851912327790092     
   7.2999999999999998        29.642948941495561     
   7.3100000000000005        29.435448298905094     
   7.3200000000000003        29.229400160812759     
   7.3300000000000001        29.024794359687068     
   7.3399999999999999        28.821620799169260     
   7.3500000000000005        28.619869453575074     
   7.3600000000000003        28.419530367400050     
   7.3700000000000001        28.220593654828249     
   7.3799999999999999        28.023049499244451     
   7.3900000000000006        27.826888152749738     
   7.4000000000000004        27.632099935680490     
   7.4100000000000001        27.438675236130727     
   7.4199999999999999        27.246604509477812     
   7.4299999999999997        27.055878277911468     
   7.4400000000000004        26.866487129966089     
   7.4500000000000002        26.678421720056328     
   7.4600000000000000        26.491672768015935     
   7.4699999999999998        26.306231058639824     
   7.4800000000000004        26.122087441229347     
   7.4900000000000002        25.939232829140742     
   7.5000000000000000        25.757658199336756     
   7.5099999999999998        25.577354591941400     
   7.5200000000000005        25.398313109797812     
   7.5300000000000002        25.220524918029227     
   7.5400000000000000        25.043981243603021     
   7.5499999999999998        24.868673374897799     
   7.5600000000000005        24.694592661273514     
   7.5700000000000003        24.521730512644599     
   7.5800000000000001        24.350078399056088     
   7.5899999999999999        24.179627850262694     
   7.6000000000000005        24.010370455310856     
   7.6100000000000003        23.842297862123679     
   7.6200000000000001        23.675401777088815     
   7.6299999999999999        23.509673964649195     
   7.6400000000000006        23.345106246896652     
   7.6500000000000004        23.181690503168376     
   7.6600000000000001        23.019418669646196     
   7.6699999999999999        22.858282738958671     
   7.6799999999999997        22.698274759785960     
   7.6900000000000004        22.539386836467457     
   7.7000000000000002        22.381611128612185     
   7.7100000000000000        22.224939850711898     
   7.7199999999999998        22.069365271756915     
   7.7300000000000004        21.914879714854617     
   7.7400000000000002        21.761475556850634     
   7.7500000000000000        21.609145227952681     
   7.7599999999999998        21.457881211357012     
   7.7700000000000005        21.307676042877514     
   7.7800000000000002        21.158522310577371     
   7.7900000000000000        21.010412654403329     
   7.7999999999999998        20.863339765822506     
   7.8100000000000005        20.717296387461747     
   7.8200000000000003        20.572275312749515     
   7.8300000000000001        20.428269385560267     
   7.8399999999999999        20.285271499861345     
   7.8500000000000005        20.143274599362314     
   7.8600000000000003        20.002271677166778     
   7.8700000000000001        19.862255775426611     
   7.8799999999999999        19.723219984998625     
   7.8900000000000006        19.585157445103636     
   7.9000000000000004        19.448061342987909     
   7.9100000000000001        19.311924913586992     
   7.9199999999999999        19.176741439191883     
   7.9300000000000006        19.042504249117538     
   7.9400000000000004        18.909206719373717     
   7.9500000000000002        18.776842272338101     
   7.9600000000000000        18.645404376431735     
   7.9699999999999998        18.514886545796713     
   7.9800000000000004        18.385282339976136     
   7.9900000000000002        18.256585363596304     
   8.0000000000000000        18.128789266051129     
   8.0099999999999998        18.001887741188771     
   8.0199999999999996        17.875874527000448     
   8.0299999999999994        17.750743405311447     
   8.0400000000000009        17.626488201474267     
   8.0500000000000007        17.503102784063948     
   8.0600000000000005        17.380581064575502     
   8.0700000000000003        17.258916997123475     
   8.0800000000000001        17.138104578143611     
   8.0899999999999999        17.018137846096607     
   8.0999999999999996        16.899010881173933     
   8.1099999999999994        16.780717805005715     
   8.1200000000000010        16.663252780370673     
   8.1300000000000008        16.546610010908079     
   8.1400000000000006        16.430783740831721     
   8.1500000000000004        16.315768254645899     
   8.1600000000000001        16.201557876863379     
   8.1699999999999999        16.088146971725337     
   8.1799999999999997        15.975529942923259     
   8.1899999999999995        15.863701233322796     
   8.1999999999999993        15.752655324689536     
   8.2100000000000009        15.642386737416709     
   8.2200000000000006        15.532890030254793     
   8.2300000000000004        15.424159800043009     
   8.2400000000000002        15.316190681442707     
   8.2500000000000000        15.208977346672608     
   8.2599999999999998        15.102514505245900     
   8.2699999999999996        14.996796903709178     
   8.2799999999999994        14.891819325383214     
   8.2900000000000009        14.787576590105530     
   8.3000000000000007        14.684063553974791     
   8.3100000000000005        14.581275109096968     
   8.3200000000000003        14.479206183333289     
   8.3300000000000001        14.377851740049957     
   8.3399999999999999        14.277206777869607     
   8.3499999999999996        14.177266330424519     
   8.3599999999999994        14.078025466111548     
   8.3700000000000010        13.979479287848767     
   8.3800000000000008        13.881622932833825     
   8.3900000000000006        13.784451572303988     
   8.4000000000000004        13.687960411297860     
   8.4100000000000001        13.592144688418776     
   8.4199999999999999        13.496999675599843     
   8.4299999999999997        13.402520677870644     
   8.4399999999999995        13.308703033125550     
   8.4499999999999993        13.215542111893670     
   8.4600000000000009        13.123033317110416     
   8.4700000000000006        13.031172083890644     
   8.4800000000000004        12.939953879303410     
   8.4900000000000002        12.849374202148287     
   8.5000000000000000        12.759428582733248     
   8.5099999999999998        12.670112582654115     
   8.5199999999999996        12.581421794575537     
   8.5299999999999994        12.493351842013508     
   8.5400000000000009        12.405898379119414     
   8.5500000000000007        12.319057090465577     
   8.5600000000000005        12.232823690832317     
   8.5700000000000003        12.147193924996492     
   8.5800000000000001        12.062163567521516     
   8.5899999999999999        11.977728422548866     
   8.5999999999999996        11.893884323591024     
   8.6099999999999994        11.810627133325887     
   8.6200000000000010        11.727952743392606     
   8.6300000000000008        11.645857074188857     
   8.6400000000000006        11.564336074669535     
   8.6500000000000004        11.483385722146849     
   8.6600000000000001        11.403002022091821     
   8.6699999999999999        11.323181007937178     
   8.6799999999999997        11.243918740881618     
   8.6899999999999995        11.165211309695447     
   8.7000000000000011        11.087054830527579     
   8.7100000000000009        11.009445446713887     
   8.7200000000000006        10.932379328586890     
   8.7300000000000004        10.855852673286781     
   8.7400000000000002        10.779861704573774     
   8.7500000000000000        10.704402672641757     
   8.7599999999999998        10.629471853933264     
   8.7699999999999996        10.555065550955732     
   8.7799999999999994        10.481180092099041     
   8.7900000000000009        10.407811831454348     
   8.8000000000000007        10.334957148634167     
   8.8100000000000005        10.262612448593728     
   8.8200000000000003        10.190774161453572     
   8.8300000000000001        10.119438742323396     
   8.8399999999999999        10.048602671127133     
   8.8499999999999996        9.9782624524292434     
   8.8599999999999994        9.9084146152622381     
   8.8700000000000010        9.8390557129554033     
   8.8800000000000008        9.7701823229647147     
   8.8900000000000006        9.7017910467039616     
   8.9000000000000004        9.6338785093770340     
   8.9100000000000001        9.5664413598113942     
   8.9199999999999999        9.4994762702927140     
   8.9299999999999997        9.4329799364006650     
   8.9399999999999995        9.3669490768458612     
   8.9500000000000011        9.3013804333079406     
   8.9600000000000009        9.2362707702747855     
   8.9700000000000006        9.1716168748828615     
   8.9800000000000004        9.1074155567586814     
   8.9900000000000002        9.0436636478613703     
   9.0000000000000000        8.9803580023263407     
   9.0099999999999998        8.9174954963100568     
   9.0199999999999996        8.8550730278358856     
   9.0299999999999994        8.7930875166410338     
   9.0400000000000009        8.7315359040245468     
   9.0500000000000007        8.6704151526963749     
   9.0600000000000005        8.6097222466275003     
   9.0700000000000003        8.5494541909011073     
   9.0800000000000001        8.4896080115647994     
   9.0899999999999999        8.4301807554838462     
   9.0999999999999996        8.3711694901954594     
   9.1099999999999994        8.3125713037640914     
   9.1200000000000010        8.2543833046377433     
   9.1300000000000008        8.1966026215052796     
   9.1400000000000006        8.1392264031547423     
   9.1500000000000004        8.0822518183326597     
   9.1600000000000001        8.0256760556043307     
   9.1699999999999999        7.9694963232151004     
   9.1799999999999997        7.9137098489525943     
   9.1899999999999995        7.8583138800099261     
   9.2000000000000011        7.8033056828498566     
   9.2100000000000009        7.7486825430699078     
   9.2200000000000006        7.6944417652684187     
   9.2300000000000004        7.6405806729115398     
   9.2400000000000002        7.5870966082011586     
   9.2500000000000000        7.5339869319437502     
   9.2599999999999998        7.4812490234201441     
   9.2699999999999996        7.4288802802562035     
   9.2799999999999994        7.3768781182944103     
   9.2900000000000009        7.3252399714663499     
   9.3000000000000007        7.2739632916660852     
   9.3100000000000005        7.2230455486244223     
   9.3200000000000003        7.1724842297840512     
   9.3300000000000001        7.1222768401755632     
   9.3399999999999999        7.0724209022943345     
   9.3499999999999996        7.0229139559782743     
   9.3599999999999994        6.9737535582864263     
   9.3700000000000010        6.9249372833784211     
   9.3800000000000008        6.8764627223947725     
   9.3900000000000006        6.8283274833380094     
   9.4000000000000004        6.7805291909546437     
   9.4100000000000001        6.7330654866179609     
   9.4199999999999999        6.6859340282116353     
   9.4299999999999997        6.6391324900141537     
   9.4399999999999995        6.5926585625840550     
   9.4500000000000011        6.5465099526459669     
   9.4600000000000009        6.5006843829774450     
   9.4700000000000006        6.4551795922966031     
   9.4800000000000004        6.4099933351505269     
   9.4900000000000002        6.3651233818044730     
   9.5000000000000000        6.3205675181318419     
   9.5099999999999998        6.2763235455049191     
   9.5199999999999996        6.2323892806863848     
   9.5299999999999994        6.1887625557215804     
   9.5400000000000009        6.1454412178315296     
   9.5500000000000007        6.1024231293067093     
   9.5600000000000005        6.0597061674015622     
   9.5700000000000003        6.0172882242297510     
   9.5800000000000001        5.9751672066601431     
   9.5899999999999999        5.9333410362135224     
   9.5999999999999996        5.8918076489600280     
   9.6099999999999994        5.8505649954173080     
   9.6200000000000010        5.8096110404493873     
   9.6300000000000008        5.7689437631662415     
   9.6400000000000006        5.7285611568240782     
   9.6500000000000004        5.6884612287263092     
   9.6600000000000001        5.6486420001252249     
   9.6699999999999999        5.6091015061243485     
   9.6799999999999997        5.5698377955814777     
   9.6899999999999995        5.5308489310124074     
   9.7000000000000011        5.4921329884953209     
   9.7100000000000009        5.4536880575758540     
   9.7200000000000006        5.4155122411728227     
   9.7300000000000004        5.3776036554846129     
   9.7400000000000002        5.3399604298962204     
   9.7500000000000000        5.3025807068869470     
   9.7599999999999998        5.2654626419387380     
   9.7699999999999996        5.2286044034451669     
   9.7799999999999994        5.1920041726210506     
   9.7900000000000009        5.1556601434127032     
   9.8000000000000007        5.1195705224088144     
   9.8100000000000005        5.0837335287519529     
   9.8200000000000003        5.0481473940506891     
   9.8300000000000001        5.0128103622923339     
   9.8399999999999999        4.9777206897562873     
   9.8499999999999996        4.9428766449279937     
   9.8599999999999994        4.9082765084134978     
   9.8700000000000010        4.8739185728546035     
   9.8800000000000008        4.8398011428446210     
   9.8900000000000006        4.8059225348447088     
   9.9000000000000004        4.7722810771007955     
   9.9100000000000001        4.7388751095610901     
   9.9199999999999999        4.7057029837941622     
   9.9299999999999997        4.6727630629076033     
   9.9399999999999995        4.6400537214672504     
   9.9500000000000011        4.6075733454169798     
   9.9600000000000009        4.5753203319990607     
   9.9700000000000006        4.5432930896750676     
   9.9800000000000004        4.5114900380473424     
   9.9900000000000002        4.4799096077810105     
   10.000000000000000        4.4485502405265436     
